[gd_scene load_steps=11 format=3 uid="uid://b4qkw4di7y6tm"]

[ext_resource type="Script" path="res://scripts/GameMapWorld.cs" id="1_gw43u"]

[sub_resource type="PhysicalSkyMaterial" id="PhysicalSkyMaterial_bl8h2"]

[sub_resource type="Sky" id="Sky_748y3"]
sky_material = SubResource("PhysicalSkyMaterial_bl8h2")

[sub_resource type="Environment" id="Environment_hnqos"]
background_mode = 2
sky = SubResource("Sky_748y3")
volumetric_fog_enabled = true
volumetric_fog_albedo = Color(0.374351, 0.425661, 0.487774, 1)

[sub_resource type="CameraAttributesPractical" id="CameraAttributesPractical_ill55"]

[sub_resource type="StandardMaterial3D" id="StandardMaterial3D_st3td"]
albedo_color = Color(0.828621, 0.72627, 0.634298, 1)

[sub_resource type="BoxMesh" id="BoxMesh_loa53"]
material = SubResource("StandardMaterial3D_st3td")

[sub_resource type="StandardMaterial3D" id="StandardMaterial3D_xtw7i"]
albedo_color = Color(0.436652, 0.417366, 0.388449, 1)

[sub_resource type="CylinderMesh" id="CylinderMesh_5w3j8"]
material = SubResource("StandardMaterial3D_xtw7i")

[sub_resource type="SphereShape3D" id="SphereShape3D_q0m2a"]

[node name="GameMapWorld" type="Node3D"]
script = ExtResource("1_gw43u")

[node name="WorldEnvironment" type="WorldEnvironment" parent="."]
environment = SubResource("Environment_hnqos")
camera_attributes = SubResource("CameraAttributesPractical_ill55")

[node name="Sunlight" type="DirectionalLight3D" parent="."]
transform = Transform3D(1, 0, 0, 0, -0.493729, 0.869616, 0, -0.869616, -0.493729, -58.43, 221.007, -109.873)
light_color = Color(0.568973, 0.568973, 0.568973, 1)
shadow_enabled = true

[node name="Ground" type="StaticBody3D" parent="."]

[node name="MeshInstance3D" type="MeshInstance3D" parent="Ground"]
transform = Transform3D(100, 0, 0, 0, 0.1, 0, 0, 0, 100, 0, -0.5, 0)
mesh = SubResource("BoxMesh_loa53")

[node name="FirstRuins" type="StaticBody3D" parent="."]
transform = Transform3D(1, 0, 0, 0, 1, 0, 0, 0, 1, -3.16075, -0.15213, 6.50859)

[node name="MeshInstance3D" type="MeshInstance3D" parent="FirstRuins"]
transform = Transform3D(0.5, 0, 0, 0, 0.5, 0, 0, 0, 0.5, 0, 0, 0)
mesh = SubResource("CylinderMesh_5w3j8")

[node name="CollisionShape3D" type="CollisionShape3D" parent="FirstRuins"]
shape = SubResource("SphereShape3D_q0m2a")

[node name="OmniLight3D" type="OmniLight3D" parent="FirstRuins"]
transform = Transform3D(1, 0, 0, 0, 1, 0, 0, 0, 1, 0, 0.664077, 0)
light_color = Color(1, 0, 1, 1)
shadow_enabled = true

[node name="Label3D" type="Label3D" parent="FirstRuins"]
transform = Transform3D(0.484382, 0, 0.874857, 0, 1, 0, -0.874857, 0, 0.484382, 0, 0.855452, 0)
text = "Explore"

[node name="SecondRuins" type="StaticBody3D" parent="."]
transform = Transform3D(1, 0, 0, 0, 1, 0, 0, 0, 1, -6.54599, -0.15213, 4.76889)

[node name="MeshInstance3D" type="MeshInstance3D" parent="SecondRuins"]
transform = Transform3D(0.5, 0, 0, 0, 0.5, 0, 0, 0, 0.5, 0, 0, 0)
mesh = SubResource("CylinderMesh_5w3j8")

[node name="CollisionShape3D" type="CollisionShape3D" parent="SecondRuins"]
shape = SubResource("SphereShape3D_q0m2a")

[node name="OmniLight3D" type="OmniLight3D" parent="SecondRuins"]
transform = Transform3D(1, 0, 0, 0, 1, 0, 0, 0, 1, 0, 0.664, 0)
light_color = Color(1, 0, 1, 1)
shadow_enabled = true

[node name="Label3D" type="Label3D" parent="SecondRuins"]
transform = Transform3D(0.292756, 0, 0.956187, 0, 1, 0, -0.956187, 0, 0.292756, 0, 0.855452, 0)
text = "Explore"

[node name="ThirdRuins" type="StaticBody3D" parent="."]
transform = Transform3D(1, 0, 0, 0, 1, 0, 0, 0, 1, -5.07005, -0.15213, 1.84999)

[node name="MeshInstance3D" type="MeshInstance3D" parent="ThirdRuins"]
transform = Transform3D(0.5, 0, 0, 0, 0.5, 0, 0, 0, 0.5, 0, 0, 0)
mesh = SubResource("CylinderMesh_5w3j8")

[node name="CollisionShape3D" type="CollisionShape3D" parent="ThirdRuins"]
shape = SubResource("SphereShape3D_q0m2a")

[node name="OmniLight3D" type="OmniLight3D" parent="ThirdRuins"]
transform = Transform3D(1, 0, 0, 0, 1, 0, 0, 0, 1, -0.00280094, 0.678111, -0.00610399)
light_color = Color(1, 0, 1, 1)
shadow_enabled = true

[node name="Label3D" type="Label3D" parent="ThirdRuins"]
transform = Transform3D(0.797626, 0, 0.603152, 0, 1, 0, -0.603152, 0, 0.797626, 0, 0.855452, 0)
text = "Explore"

[node name="FourthRuins" type="StaticBody3D" parent="."]
transform = Transform3D(1, 0, 0, 0, 1, 0, 0, 0, 1, -2.15809, -0.15213, 0.231688)

[node name="MeshInstance3D" type="MeshInstance3D" parent="FourthRuins"]
transform = Transform3D(0.5, 0, 0, 0, 0.5, 0, 0, 0, 0.5, 0, 0, 0)
mesh = SubResource("CylinderMesh_5w3j8")

[node name="CollisionShape3D" type="CollisionShape3D" parent="FourthRuins"]
shape = SubResource("SphereShape3D_q0m2a")

[node name="OmniLight3D" type="OmniLight3D" parent="FourthRuins"]
transform = Transform3D(1, 0, 0, 0, 1, 0, 0, 0, 1, 0, 0.664, 0)
light_color = Color(1, 0, 1, 1)
shadow_enabled = true

[node name="Label3D" type="Label3D" parent="FourthRuins"]
transform = Transform3D(0.871351, 0, 0.49066, 0, 1, 0, -0.49066, 0, 0.871351, 0, 0.855452, 0)
text = "Explore"

[node name="FifthRuins" type="StaticBody3D" parent="."]
transform = Transform3D(1, 0, 0, 0, 1, 0, 0, 0, 1, 0.982201, -0.15213, 1.04248)

[node name="MeshInstance3D" type="MeshInstance3D" parent="FifthRuins"]
transform = Transform3D(0.5, 0, 0, 0, 0.5, 0, 0, 0, 0.5, 0, 0, 0)
mesh = SubResource("CylinderMesh_5w3j8")

[node name="CollisionShape3D" type="CollisionShape3D" parent="FifthRuins"]
shape = SubResource("SphereShape3D_q0m2a")

[node name="OmniLight3D" type="OmniLight3D" parent="FifthRuins"]
transform = Transform3D(1, 0, 0, 0, 1, 0, 0, 0, 1, 0, 0.664, 0)
light_color = Color(1, 0, 1, 1)
shadow_enabled = true

[node name="Label3D" type="Label3D" parent="FifthRuins"]
transform = Transform3D(0.993318, 0, -0.115405, 0, 1, 0, 0.115405, 0, 0.993318, 0, 0.855452, 0)
text = "Explore"

[node name="PlayerCamera" type="Camera3D" parent="."]
transform = Transform3D(0.879897, -0.272543, 0.389231, 1.92238e-09, 0.819152, 0.573577, -0.475164, -0.504689, 0.72077, -0.263623, 2.1968, 7.54981)
current = true
